Abbreviation,FullName,TeamName,GridPosition,RF_PredictedPos,LR_PredictedPos,EnsemblePredictedPos,PredictedFinish,TeamDNFRate
RUS,George Russell,Mercedes,1,2.2058679612054606,1.0,1.6029339806027303,1,10.714285714285714
LEC,Charles Leclerc,Ferrari,2,3.476499128649129,2.3923631845788567,2.934431156613993,2,14.285714285714285
HAD,Isack Hadjar,Red Bull Racing,4,3.400728264790766,4.222535934869734,3.81163209983025,3,21.428571428571427
PIA,Oscar Piastri,McLaren,3,4.0665608877964114,3.8750038509292972,3.9707823693628543,4,10.714285714285714
NOR,Lando Norris,McLaren,5,3.992047567783096,3.9805732143953403,3.9863103910892184,5,10.714285714285714
HAM,Lewis Hamilton,Ferrari,6,5.656278363303365,4.173929915544561,4.915104139423963,6,14.285714285714285
VER,Max Verstappen,Red Bull Racing,8,6.199183705183706,5.279071018721096,5.7391273619524,7,21.428571428571427
ANT,Kimi Antonelli,Mercedes,16,7.849340891053388,5.992741467190682,6.921041179122035,8,10.714285714285714
GAS,Pierre Gasly,Alpine,7,7.537301864801867,7.500259133239635,7.518780499020751,9,3.571428571428571
COL,Franco Colapinto,Alpine,9,9.457546167068225,9.019627373409339,9.238586770238783,10,3.571428571428571
LAW,Liam Lawson,Racing Bulls,11,10.989307253204311,9.049570867184784,10.019439060194546,11,3.571428571428571
LIN,Arvid Lindblad,Racing Bulls,15,10.594621827518893,11.031945966988197,10.813283897253545,12,3.571428571428571
BEA,Oliver Bearman,Haas F1 Team,10,11.909173308734239,10.47560303126833,11.192388170001283,13,17.857142857142858
BOR,Gabriel Bortoleto,Audi,17,12.116648554060323,12.555899557598142,12.336274055829232,14,10.714285714285714
ALB,Alexander Albon,Williams,12,12.989488779677922,12.135125566882017,12.562307173279969,15,21.428571428571427
OCO,Esteban Ocon,Haas F1 Team,13,13.039548637535551,12.08998936830788,12.564769002921715,16,17.857142857142858
HUL,Nico Hulkenberg,Audi,18,11.98651208513709,13.269221316330412,12.627866700733751,17,10.714285714285714
SAI,Carlos Sainz,Williams,14,15.026247395998539,12.667816442194194,13.847031919096366,18,21.428571428571427
ALO,Fernando Alonso,Aston Martin,21,14.6627334450822,16.6316914089687,15.64721242702545,19,50.0
PER,Sergio Pérez,Cadillac,20,15.691590362470365,16.35059505758453,16.021092710027446,20,39.285714285714285
BOT,Valtteri Bottas,Cadillac,19,16.863271494477743,16.07824805110434,16.47075977279104,21,39.285714285714285
STR,Lance Stroll,Aston Martin,22,16.826355164280173,17.494292686812194,17.160323925546184,22,50.0
